Date,Increment,Total
6 April,18,739
13 April,6,745
22 April,2,747
28 April,143,890
6 May,83,973
13 May,60,1033
20 May,39,1072
27 May,25,1097
3 June,81,1178